# This file may be used to create an environment using:
# $ conda create --name <env> --file <this file>
# platform: osx-64
bzip2=1.0.8=hc929b4f_4
c-ares=1.17.1=hc929b4f_0
ca-certificates=2020.12.5=h033912b_0
certifi=2020.12.5=py39h6e9494a_0
curl=7.71.1=hcb81553_8
double-conversion=3.1.5=h4a8c4bd_2
eigen=3.3.9=h926bf3e_0
expat=2.2.9=hb1e8313_2
ffmpeg=4.3.1=he496704_1
freetype=2.10.4=h3f75d11_0
gettext=0.19.8.1=h7937167_1005
gl2ps=1.4.2=h4cff582_0
glew=2.1.0=h046ec9c_2
gmp=6.2.1=h2e338ed_0
gnutls=3.6.13=h756fd2b_1
hdf4=4.2.13=h71d84a9_1004
hdf5=1.10.6=nompi_h0f9794f_1112
icu=67.1=hb1e8313_0
jpeg=9d=hbcb3906_0
jsoncpp=1.8.4=ha1b3eb9_1002
krb5=1.17.2=h60d9502_0
lame=3.100=h1de35cc_1001
libblas=3.9.0=3_openblas
libcblas=3.9.0=3_openblas
libcurl=7.71.1=h9bf37e3_8
libcxx=11.0.0=h4c3b8ed_1
libedit=3.1.20191231=h0678c8f_2
libev=4.33=haf1e3a3_1
libffi=3.3=h74dc148_1
libgfortran=5.0.0=h7cc5361_13
libgfortran5=9.3.0=h7cc5361_13
libiconv=1.16=haf1e3a3_0
liblapack=3.9.0=3_openblas
libnetcdf=4.7.4=nompi_h4844aed_106
libnghttp2=1.41.0=h7580e61_2
libogg=1.3.4=hc929b4f_0
libopenblas=0.3.12=openmp_h54245bb_1
libpng=1.6.37=h7cec526_2
libssh2=1.9.0=h8a08a2b_5
libtheora=1.1.1=haf1e3a3_1004
libtiff=4.1.0=hca7d577_6
libvorbis=1.3.7=h4a8c4bd_0
libwebp-base=1.1.0=hbcb3906_3
libxml2=2.9.10=h2c6e4a5_2
llvm-openmp=11.0.0=h73239a0_1
loguru=0.5.3=py39hde42818_2
lz4-c=1.9.2=hb1e8313_3
ncurses=6.2=h2e338ed_4
nettle=3.6=hedd7734_0
numpy=1.19.4=py39hd3e5478_1
openh264=2.1.1=hd174df1_0
openssl=1.1.1h=haf1e3a3_0
pip=20.3.1=pyhd8ed1ab_0
proj=7.1.1=h45baca5_3
pugixml=1.10=hb1e8313_1
python=3.9.0=h4f09611_5_cpython
python_abi=3.9=1_cp39
readline=8.0=h0678c8f_2
setuptools=49.6.0=py39h2c36a5b_2
sqlite=3.34.0=h17101e1_0
tbb=2019.9=ha1b3eb9_1
tbb-devel=2019.9=ha1b3eb9_1
tk=8.6.10=hb0a8c7a_1
tzdata=2020d=h516909a_0
utfcpp=3.1.2=0
vedo=2020.4.2=pyhd3deb0d_0
vtk=9.0.1=no_osmesa_py39h3dd132e_102
wheel=0.36.1=pyhd3deb0d_0
x264=1!152.20180806=h1de35cc_0
xz=5.2.5=haf1e3a3_1
zlib=1.2.11=h7795811_1010
zstd=1.4.5=h289c70a_2
